0 1 2.40577
0 2 2.19442
0 3 2.1864
0 4 6.47122
0 5 6.63212
0 6 4.03136
0 7 2.57805
0 8 2.96558
0 9 6.1004
0 10 2.04803
0 11 4.15263
0 12 2.68603
0 13 2.87062
0 14 3.14456
0 15 3.50035
0 16 3.95733
0 17 2.14589
0 18 2.2764
0 19 3.64963
0 20 5.40265
0 21 3.12831
0 22 4.06485
0 23 4.21209
0 24 2.82306
0 25 3.40297
0 26 2.50791
0 27 3.64923
0 28 3.57888
0 29 1.83665
0 30 2.41058
0 31 5.19103
0 32 3.18813
0 33 2.04362
0 34 2.67609
0 35 3.58803
0 36 2.01569
0 37 2.65141
0 38 1.74224
0 39 2.38497
0 40 4.3771
0 41 4.84272
0 42 2.85207
0 43 2.80883
0 44 2.44356
0 45 4.34591
0 46 3.1268
0 47 3.57743
0 48 3.06133
0 49 3.65978
0 50 3.30098
0 51 3.91986
0 52 2.93595
0 53 2.89205
0 54 5.36448
0 55 3.1418
0 56 3.25646
0 57 3.40798
1 2 3.08128
1 3 2.90657
1 4 6.79401
1 5 6.83801
1 6 3.91057
1 7 1.89252
1 8 2.32368
1 9 6.27328
1 10 2.50323
1 11 4.27165
1 12 2.94265
1 13 3.63425
1 14 3.8577
1 15 3.40382
1 16 4.03958
1 17 2.28984
1 18 1.719
1 19 4.42862
1 20 5.5872
1 21 3.55347
1 22 4.51101
1 23 4.33023
1 24 3.10883
1 25 4.14297
1 26 2.78715
1 27 3.73059
1 28 3.91938
1 29 2.1846
1 30 2.6932
1 31 5.60797
1 32 3.91104
1 33 1.88444
1 34 3.07577
1 35 3.96168
1 36 2.43552
1 37 2.72274
1 38 2.32528
1 39 2.78323
1 40 4.63636
1 41 5.1198
1 42 2.75849
1 43 3.23423
1 44 2.28749
1 45 5.08721
1 46 3.21638
1 47 2.98205
1 48 3.30925
1 49 3.99941
1 50 3.09895
1 51 4.16297
1 52 3.14275
1 53 1.96382
1 54 5.80083
1 55 2.83318
1 56 3.81753
1 57 3.22048
2 3 3.00994
2 4 7.29686
2 5 7.73719
2 6 5.22393
2 7 3.61055
2 8 4.282
2 9 7.21795
2 10 3.22317
2 11 5.16086
2 12 3.10866
2 13 3.83438
2 14 1.81612
2 15 3.99051
2 16 5.56852
2 17 2.96158
2 18 3.22433
2 19 4.47922
2 20 6.56442
2 21 3.45832
2 22 5.48592
2 23 5.26162
2 24 2.60681
2 25 3.58603
2 26 3.90156
2 27 3.98178
2 28 3.59456
2 29 2.45288
2 30 3.174
2 31 6.39856
2 32 3.91136
2 33 2.42208
2 34 2.40666
2 35 3.63595
2 36 3.54831
2 37 2.54669
2 38 2.72789
2 39 2.26046
2 40 5.53193
2 41 5.99318
2 42 3.91926
2 43 3.80665
2 44 3.2359
2 45 3.44452
2 46 3.50315
2 47 4.50332
2 48 2.95134
2 49 4.00182
2 50 4.0022
2 51 4.47128
2 52 3.12553
2 53 3.9559
2 54 6.60902
2 55 2.99932
2 56 4.05359
2 57 3.73588
3 4 6.31229
3 5 6.4058
3 6 4.33873
3 7 2.40531
3 8 3.66275
3 9 6.11211
3 10 3.05632
3 11 3.6993
3 12 3.16411
3 13 3.19146
3 14 3.78457
3 15 3.77026
3 16 3.78572
3 17 2.6892
3 18 3.11317
3 19 3.08117
3 20 5.06213
3 21 3.37797
3 22 3.50321
3 23 4.23149
3 24 3.87623
3 25 3.93305
3 26 3.18285
3 27 4.25399
3 28 4.69171
3 29 2.48071
3 30 2.79347
3 31 4.48902
3 32 4.14411
3 33 2.41212
3 34 3.56678
3 35 4.50732
3 36 2.63861
3 37 3.63375
3 38 1.63751
3 39 3.80197
3 40 3.98808
3 41 4.18511
3 42 3.14798
3 43 3.07214
3 44 2.94808
3 45 4.94821
3 46 4.27123
3 47 4.2328
3 48 3.50642
3 49 3.57923
3 50 3.52949
3 51 3.96755
3 52 3.7852
3 53 2.92849
3 54 4.62978
3 55 4.12422
3 56 3.42086
3 57 3.82238
4 5 2.07435
4 6 5.03502
4 7 6.02619
4 8 5.81819
4 9 2.33004
4 10 6.9069
4 11 4.06774
4 12 5.50957
4 13 4.65472
4 14 7.74626
4 15 5.51192
4 16 6.40099
4 17 6.10001
4 18 6.79399
4 19 4.84374
4 20 3.13658
4 21 6.17511
4 22 4.58532
4 23 4.58138
4 24 6.64659
4 25 5.982
4 26 6.20746
4 27 4.67271
4 28 6.03956
4 29 7.06862
4 30 7.44368
4 31 4.01286
4 32 4.84196
4 33 6.67324
4 34 7.81537
4 35 5.63936
4 36 5.72623
4 37 7.77383
4 38 6.32485
4 39 7.1613
4 40 4.16701
4 41 3.98679
4 42 5.51608
4 43 4.78752
4 44 7.50001
4 45 7.43106
4 46 6.44011
4 47 5.48616
4 48 6.0693
4 49 5.6247
4 50 5.7335
4 51 5.12276
4 52 6.6181
4 53 6.50854
4 54 5.12363
4 55 8.33844
4 56 5.34146
4 57 5.97363
5 6 4.41377
5 7 5.97326
5 8 5.54717
5 9 1.63041
5 10 6.70517
5 11 4.27057
5 12 5.74467
5 13 4.68941
5 14 8.35587
5 15 5.61079
5 16 5.68954
5 17 6.14151
5 18 6.85021
5 19 4.90393
5 20 2.41944
5 21 6.47728
5 22 4.14821
5 23 4.03742
5 24 7.0933
5 25 6.52209
5 26 5.80625
5 27 5.41506
5 28 6.61141
5 29 7.28897
5 30 7.51845
5 31 3.46433
5 32 5.37878
5 33 6.96415
5 34 8.18483
5 35 6.34444
5 36 5.66379
5 37 7.92229
5 38 6.28528
5 39 7.37332
5 40 3.71863
5 41 3.67261
5 42 5.25597
5 43 5.21715
5 44 7.29976
5 45 8.17117
5 46 6.66272
5 47 5.32403
5 48 6.55124
5 49 6.20341
5 50 6.0407
5 51 5.31996
5 52 6.71896
5 53 6.33854
5 54 4.57153
5 55 8.4592
5 56 5.20748
5 57 6.08606
6 7 3.5285
6 8 2.24232
6 9 3.79297
6 10 3.43145
6 11 3.69876
6 12 3.47381
6 13 2.98776
6 14 6.04347
6 15 3.17238
6 16 3.28049
6 17 3.72633
6 18 3.86405
6 19 3.90832
6 20 3.29301
6 21 4.41356
6 22 3.77491
6 23 2.42737
6 24 4.73281
6 25 4.99568
6 26 2.43175
6 27 4.39878
6 28 4.63292
6 29 4.57325
6 30 4.61216
6 31 3.80337
6 32 4.04367
6 33 4.47213
6 34 5.30204
6 35 4.82488
6 36 3.01765
6 37 4.65941
6 38 3.79999
6 39 4.43047
6 40 2.72279
6 41 3.45122
6 42 2.60613
6 43 3.9863
6 44 4.0886
6 45 6.49299
6 46 4.18973
6 47 2.46059
6 48 4.61433
6 49 4.88693
6 50 4.19145
6 51 3.77433
6 52 3.85608
6 53 3.52575
6 54 4.42152
6 55 5.23018
6 56 3.22094
6 57 3.43958
7 8 2.57919
7 9 5.57933
7 10 2.78438
7 11 3.49958
7 12 3.00993
7 13 3.04506
7 14 4.22379
7 15 2.91175
7 16 3.65061
7 17 2.16863
7 18 2.4879
7 19 3.28357
7 20 4.71627
7 21 3.01031
7 22 3.63838
7 23 3.827
7 24 3.48511
7 25 3.96049
7 26 2.77535
7 27 3.80761
7 28 4.25598
7 29 2.53482
7 30 2.95244
7 31 4.63744
7 32 3.7461
7 33 2.36323
7 34 3.52722
7 35 4.12876
7 36 2.37472
7 37 3.39221
7 38 2.13571
7 39 3.56052
7 40 3.90581
7 41 4.24811
7 42 2.61669
7 43 2.9983
7 44 2.63336
7 45 5.13151
7 46 3.68054
7 47 2.90778
7 48 3.10708
7 49 3.59175
7 50 3.10778
7 51 3.58066
7 52 3.40525
7 53 2.43298
7 54 4.79866
7 55 3.90818
7 56 3.24518
7 57 2.98287
8 9 4.99259
8 10 2.53776
8 11 3.66008
8 12 3.1251
8 13 2.978
8 14 5.14501
8 15 3.14163
8 16 3.09816
8 17 2.99586
8 18 2.2017
8 19 4.26276
8 20 4.39431
8 21 4.23486
8 22 3.81636
8 23 3.34207
8 24 4.0189
8 25 4.74757
8 26 1.98193
8 27 3.89091
8 28 4.23342
8 29 3.39232
8 30 3.82522
8 31 4.75847
8 32 3.81924
8 33 3.08159
8 34 4.20955
8 35 4.40576
8 36 2.21852
8 37 3.63096
8 38 3.03818
8 39 3.48388
8 40 3.55052
8 41 4.2633
8 42 2.0077
8 43 3.38275
8 44 3.21999
8 45 6.11341
8 46 3.60395
8 47 1.84441
8 48 4.17298
8 49 4.58975
8 50 3.07603
8 51 3.99761
8 52 3.42082
8 53 2.23265
8 54 5.22057
8 55 4.10834
8 56 3.58866
8 57 3.17692
9 10 6.08616
9 11 4.1389
9 12 5.20392
9 13 4.3384
9 14 7.80951
9 15 5.04926
9 16 5.38411
9 17 5.51101
9 18 6.27521
9 19 4.64877
9 20 2.49527
9 21 5.87674
9 22 4.17262
9 23 3.63677
9 24 6.38532
9 25 5.9691
9 26 5.25769
9 27 4.75319
9 28 5.71579
9 29 6.69949
9 30 6.88534
9 31 3.53807
9 32 4.63242
9 33 6.52863
9 34 7.52857
9 35 5.50818
9 36 5.13917
9 37 7.21722
9 38 5.8479
9 39 6.68204
9 40 3.57086
9 41 3.64378
9 42 4.85728
9 43 4.67162
9 44 6.66872
9 45 7.57288
9 46 5.77565
9 47 4.74128
9 48 5.95643
9 49 5.79163
9 50 5.64949
9 51 4.8598
9 52 5.95349
9 53 5.89325
9 54 4.52409
9 55 7.7593
9 56 4.74619
9 57 5.50343
10 11 4.5026
10 12 2.9756
10 13 3.00602
10 14 4.13157
10 15 3.53522
10 16 3.3789
10 17 2.63507
10 18 2.15108
10 19 3.94793
10 20 5.39648
10 21 3.51356
10 22 4.19515
10 23 4.03601
10 24 3.38811
10 25 4.28626
10 26 1.64321
10 27 4.4037
10 28 4.15679
10 29 2.48773
10 30 2.86701
10 31 5.31884
10 32 3.88713
10 33 2.87049
10 34 3.18583
10 35 4.33773
10 36 2.15392
10 37 2.63741
10 38 2.15638
10 39 2.71223
10 40 4.33958
10 41 5.06093
10 42 2.18201
10 43 3.70614
10 44 2.17762
10 45 5.22937
10 46 3.3998
10 47 3.22807
10 48 3.82792
10 49 4.47737
10 50 3.58453
10 51 3.99023
10 52 3.17027
10 53 2.84124
10 54 5.38296
10 55 3.11515
10 56 3.48383
10 57 3.39615
11 12 3.56332
11 13 3.04797
11 14 5.77503
11 15 4.21842
11 16 3.95146
11 17 4.26686
11 18 4.19399
11 19 3.25793
11 20 2.92472
11 21 4.38836
11 22 2.6308
11 23 3.68309
11 24 4.91181
11 25 4.55552
11 26 3.79286
11 27 4.1718
11 28 5.42054
11 29 4.67996
11 30 5.03445
11 31 3.10103
11 32 4.33494
11 33 4.05822
11 34 5.57912
11 35 5.0783
11 36 3.20711
11 37 5.51071
11 38 3.91773
11 39 5.16535
11 40 2.47085
11 41 2.38172
11 42 2.98738
11 43 3.49164
11 44 5.14592
11 45 6.24204
11 46 5.42204
11 47 3.92237
11 48 4.47423
11 49 4.14239
11 50 3.31189
11 51 3.68767
11 52 5.08586
11 53 3.63607
11 54 4.1029
11 55 5.96021
11 56 4.14263
11 57 4.43199
12 13 3.07854
12 14 4.14701
12 15 3.45156
12 16 4.21267
12 17 3.12601
12 18 3.26034
12 19 3.33496
12 20 4.40496
12 21 2.38403
12 22 4.20167
12 23 3.47104
12 24 2.62332
12 25 2.53756
12 26 2.77303
12 27 3.26212
12 28 3.60424
12 29 3.03236
12 30 3.09629
12 31 4.47072
12 32 2.84728
12 33 2.86492
12 34 3.86541
12 35 3.38773
12 36 2.11072
12 37 3.94667
12 38 2.68425
12 39 3.12442
12 40 3.55249
12 41 4.02462
12 42 2.4281
12 43 2.71068
12 44 3.4903
12 45 4.11286
12 46 3.42452
12 47 3.42304
12 48 2.87354
12 49 2.61396
12 50 3.89621
12 51 2.40113
12 52 3.60364
12 53 3.28133
12 54 4.52023
12 55 3.57056
12 56 2.96093
12 57 3.49835
13 14 4.51395
13 15 2.86662
13 16 3.91408
13 17 2.915
13 18 3.37954
13 19 2.66148
13 20 3.55992
13 21 3.79062
13 22 2.87651
13 23 3.08041
13 24 3.99158
13 25 4.23733
13 26 2.87392
13 27 3.58852
13 28 4.09669
13 29 3.67227
13 30 4.42268
13 31 3.81851
13 32 3.40657
13 33 3.57657
13 34 4.26287
13 35 4.07701
13 36 2.80567
13 37 4.00812
13 38 2.73889
13 39 3.78717
13 40 2.89394
13 41 3.62306
13 42 2.35564
13 43 3.36344
13 44 3.93369
13 45 5.33215
13 46 3.99231
13 47 2.93526
13 48 3.73495
13 49 4.34534
13 50 3.0185
13 51 3.57939
13 52 3.3299
13 53 3.52511
13 54 4.77485
13 55 4.99883
13 56 2.87038
13 57 3.03821
14 15 4.19311
14 16 6.50553
14 17 3.51962
14 18 3.83918
14 19 4.93677
14 20 7.31749
14 21 4.01172
14 22 6.21638
14 23 6.24325
14 24 2.88525
14 25 4.12956
14 26 4.91956
14 27 4.37163
14 28 3.65613
14 29 2.93767
14 30 3.88602
14 31 7.09283
14 32 4.36338
14 33 3.14613
14 34 2.1723
14 35 3.87798
14 36 4.51421
14 37 2.77929
14 38 3.66889
14 39 2.91363
14 40 6.43229
14 41 6.72113
14 42 4.92063
14 43 4.39764
14 44 4.01416
14 45 3.2624
14 46 3.96022
14 47 5.19643
14 48 3.09451
14 49 4.53348
14 50 4.25379
14 51 5.18063
14 52 3.63878
14 53 4.78144
14 54 7.40076
14 55 3.67901
14 56 4.86531
14 57 3.96145
15 16 4.83747
15 17 2.94394
15 18 3.59934
15 19 3.30442
15 20 4.68515
15 21 3.48158
15 22 4.54071
15 23 3.58718
15 24 3.55315
15 25 4.3163
15 26 3.52595
15 27 3.66188
15 28 3.48536
15 29 3.55941
15 30 4.15631
15 31 4.75898
15 32 3.62726
15 33 3.5327
15 34 3.7776
15 35 3.74887
15 36 3.53508
15 37 3.57655
15 38 3.41314
15 39 3.64013
15 40 4.01722
15 41 4.51387
15 42 3.41976
15 43 3.63914
15 44 3.84325
15 45 4.88326
15 46 3.62584
15 47 2.56533
15 48 3.27352
15 49 4.10894
15 50 3.58471
15 51 3.44396
15 52 2.84404
15 53 3.822
15 54 5.33913
15 55 4.55089
15 56 2.82887
15 57 1.20986
16 17 4.14137
16 18 3.864
16 19 4.39818
16 20 4.2199
16 21 5.09599
16 22 3.00476
16 23 3.78777
16 24 5.65717
16 25 5.68349
16 26 2.43504
16 27 5.58449
16 28 6.10991
16 29 4.4418
16 30 4.32081
16 31 4.08351
16 32 5.26987
16 33 4.40021
16 34 5.66944
16 35 6.22192
16 36 2.77372
16 37 5.25376
16 38 3.43101
16 39 5.19429
16 40 3.31217
16 41 3.94238
16 42 2.85454
16 43 4.30341
16 44 3.88627
16 45 7.27605
16 46 5.20635
16 47 4.09354
16 48 5.57046
16 49 5.40089
16 50 4.48053
16 51 4.78241
16 52 5.21642
16 53 2.88695
16 54 4.19913
16 55 5.36506
16 56 4.35041
16 57 4.95303
17 18 2.7102
17 19 3.63126
17 20 5.08149
17 21 3.19162
17 22 3.99769
17 23 3.99299
17 24 2.91765
17 25 3.92002
17 26 2.89456
17 27 3.34332
17 28 3.11849
17 29 2.29576
17 30 2.87717
17 31 5.08325
17 32 3.20415
17 33 2.79285
17 34 3.09749
17 35 3.24861
17 36 2.72377
17 37 2.75536
17 38 2.01956
17 39 2.73716
17 40 4.40354
17 41 4.81206
17 42 3.13888
17 43 2.94582
17 44 2.12435
17 45 4.48765
17 46 2.37318
17 47 3.32865
17 48 2.59555
17 49 4.06571
17 50 3.44611
17 51 4.16987
17 52 2.37919
17 53 3.06662
17 54 5.39574
17 55 3.64872
17 56 3.18573
17 57 2.98481
18 19 4.56572
18 20 5.6692
18 21 4.10801
18 22 4.3624
18 23 4.72781
18 24 3.46103
18 25 4.59651
18 26 2.5819
18 27 4.00631
18 28 4.06887
18 29 2.36926
18 30 3.22464
18 31 5.81043
18 32 4.06037
18 33 2.0882
18 34 2.91945
18 35 4.31402
18 36 2.48355
18 37 2.34069
18 38 2.57518
18 39 2.65412
18 40 4.77401
18 41 5.30305
18 42 2.6201
18 43 3.42307
18 44 2.784
18 45 5.53556
18 46 3.47768
18 47 2.9468
18 48 3.8831
18 49 4.52473
18 50 2.46257
18 51 4.48588
18 52 3.41564
18 53 2.18093
18 54 6.10436
18 55 3.16126
18 56 4.30744
18 57 3.4387
19 20 3.69049
19 21 3.08938
19 22 3.16519
19 23 3.37629
19 24 4.15116
19 25 3.64791
19 26 3.81352
19 27 4.12876
19 28 4.74645
19 29 4.06653
19 30 4.35021
19 31 3.11878
19 32 3.66019
19 33 4.13067
19 34 4.75656
19 35 4.41007
19 36 3.36788
19 37 5.02873
19 38 3.2117
19 39 4.73801
19 40 3.15655
19 41 3.28041
19 42 3.43484
19 43 3.46532
19 44 4.43687
19 45 4.75644
19 46 4.87409
19 47 4.16796
19 48 3.51281
19 49 3.37436
19 50 4.19344
19 51 2.87852
19 52 4.15084
19 53 4.36821
19 54 3.40315
19 55 5.50898
19 56 2.63565
19 57 3.67159
20 21 5.3108
20 22 2.98574
20 23 2.85476
20 24 6.01368
20 25 5.46715
20 26 4.43393
20 27 5.01405
20 28 6.05781
20 29 6.05721
20 30 6.16328
20 31 1.90518
20 32 4.80593
20 33 5.78865
20 34 7.062
20 35 5.76656
20 36 4.19753
20 37 6.82491
20 38 4.96249
20 39 6.34966
20 40 1.82258
20 41 1.99071
20 42 3.84068
20 43 4.40641
20 44 6.04454
20 45 7.23808
20 46 5.92911
20 47 4.4607
20 48 5.52217
20 49 5.19631
20 50 5.14531
20 51 4.11488
20 52 5.76561
20 53 4.9474
20 54 3.32162
20 55 7.2286
20 56 4.01573
20 57 5.13513
21 22 4.94721
21 23 4.27246
21 24 2.67021
21 25 2.19845
21 26 3.7496
21 27 3.67908
21 28 3.77846
21 29 3.13794
21 30 2.87633
21 31 5.04631
21 32 2.97311
21 33 3.41219
21 34 3.72136
21 35 3.25016
21 36 3.13926
21 37 4.13297
21 38 3.10321
21 39 3.68726
21 40 4.50909
21 41 4.68858
21 42 3.744
21 43 3.19755
21 44 3.53221
21 45 3.36013
21 46 3.69981
21 47 4.27339
21 48 2.38848
21 49 2.23732
21 50 4.69448
21 51 2.60335
21 52 3.76893
21 53 4.30759
21 54 4.64008
21 55 3.86652
21 56 3.21202
21 57 3.52714
22 23 3.53012
22 24 5.53813
22 25 5.33187
22 26 3.62676
22 27 4.7705
22 28 5.78548
22 29 4.66844
22 30 5.08734
22 31 2.96893
22 32 4.75535
22 33 4.47037
22 34 5.81954
22 35 5.65462
22 36 3.32112
22 37 5.65484
22 38 3.50458
22 39 5.42694
22 40 2.80602
22 41 3.01686
22 42 3.09907
22 43 3.76984
22 44 4.80021
22 45 6.85581
22 46 5.39975
22 47 4.15927
22 48 5.08387
22 49 4.97454
22 50 3.79221
22 51 4.45691
22 52 5.1032
22 53 3.73849
22 54 3.765
22 55 6.22123
22 56 4.04034
22 57 4.83788
23 24 4.8749
23 25 4.63283
23 26 3.19248
23 27 4.37614
23 28 4.95724
23 29 4.91252
23 30 4.78552
23 31 3.05566
23 32 4.05959
23 33 4.67044
23 34 5.92509
23 35 4.75563
23 36 3.33767
23 37 5.52063
23 38 3.78421
23 39 4.92468
23 40 2.20563
23 41 2.96853
23 42 3.00494
23 43 3.81809
23 44 4.50285
23 45 6.16747
23 46 4.68665
23 47 3.25409
23 48 4.57652
23 49 4.4295
23 50 4.83262
23 51 3.29373
23 52 4.2596
23 53 4.09676
23 54 3.42494
23 55 5.63084
23 56 2.22047
23 57 3.89008
24 25 2.53987
24 26 3.86469
24 27 3.23432
24 28 2.53774
24 29 2.69636
24 30 3.2245
24 31 5.93005
24 32 2.80019
24 33 3.05286
24 34 2.8017
24 35 2.47462
24 36 3.31571
24 37 3.16654
24 38 3.38749
24 39 2.34478
24 40 5.30882
24 41 5.62201
24 42 3.84814
24 43 3.30433
24 44 3.50819
24 45 2.6376
24 46 2.88107
24 47 4.15513
24 48 1.79342
24 49 3.22283
24 50 4.27591
24 51 3.59663
24 52 3.00766
24 53 4.18264
24 54 6.02774
24 55 3.10497
24 56 3.61991
24 57 3.36122
25 26 4.35008
25 27 3.45469
25 28 3.72113
25 29 3.8726
25 30 3.54744
25 31 5.18158
25 32 2.5089
25 33 3.7681
25 34 4.27362
25 35 3.0798
25 36 3.39127
25 37 4.81646
25 38 3.78082
25 39 3.83421
25 40 4.82665
25 41 4.89187
25 42 4.24894
25 43 3.10916
25 44 4.4611
25 45 2.7568
25 46 4.08887
25 47 4.90685
25 48 2.58712
25 49 1.86154
25 50 5.00395
25 51 2.89392
25 52 4.31744
25 53 4.71686
25 54 4.90495
25 55 4.22857
25 56 3.42973
25 57 4.38178
26 27 4.35868
26 28 4.42397
26 29 3.216
26 30 3.22546
26 31 4.47092
26 32 3.88548
26 33 3.20632
26 34 4.1045
26 35 4.59184
26 36 1.79093
26 37 3.50562
26 38 2.43237
26 39 3.30799
26 40 3.34476
26 41 4.08978
26 42 1.63421
26 43 3.53441
26 44 2.67684
26 45 5.72839
26 46 3.66836
26 47 2.87837
26 48 4.04199
26 49 4.43705
26 50 3.66186
26 51 3.68529
26 52 3.50281
26 53 2.41115
26 54 4.67535
26 55 3.78133
26 56 3.19122
26 57 3.48905
27 28 2.54572
27 29 3.85583
27 30 4.38267
27 31 5.3253
27 32 2.0984
27 33 3.62553
27 34 4.19946
27 35 2.16414
27 36 3.80369
27 37 4.50612
27 38 3.81453
27 39 3.71348
27 40 4.73974
27 41 4.92037
27 42 3.9843
27 43 2.31775
27 44 4.54207
27 45 4.27737
27 46 2.95244
27 47 3.6589
27 48 3.02759
27 49 3.4701
27 50 3.70447
27 51 3.70512
27 52 3.72056
27 53 4.25592
27 54 5.72905
27 55 4.61504
27 56 3.87523
27 57 3.6329
28 29 3.62904
28 30 4.20071
28 31 6.27318
28 32 2.40633
28 33 4.07589
28 34 3.42061
28 35 1.6251
28 36 4.1948
28 37 3.58488
28 38 4.08336
28 39 3.02187
28 40 5.63312
28 41 5.94921
28 42 4.5144
28 43 3.38133
28 44 4.16705
28 45 3.73216
28 46 1.83885
28 47 4.0164
28 48 2.85093
28 49 4.24144
28 50 4.45571
28 51 4.35649
28 52 2.86285
28 53 4.79037
28 54 6.61352
28 55 4.10328
28 56 3.9671
28 57 3.35465
29 30 2.16889
29 31 5.79046
29 32 3.78025
29 33 2.04805
29 34 2.03543
29 35 3.7973
29 36 2.70477
29 37 2.42022
29 38 2.01717
29 39 2.73367
29 40 5.06795
29 41 5.48146
29 42 3.41621
29 43 3.2228
29 44 2.17599
29 45 4.30658
29 46 3.02548
29 47 3.84218
29 48 2.99084
29 49 3.83413
29 50 3.59356
29 51 4.26146
29 52 3.10757
29 53 3.06708
29 54 5.87626
29 55 2.86783
29 56 3.9148
29 57 3.38078
30 31 5.72925
30 32 3.98305
30 33 2.70498
30 34 3.13096
30 35 4.18617
30 36 2.8237
30 37 3.33599
30 38 2.50707
30 39 3.16223
30 40 5.08618
30 41 5.39297
30 42 3.78113
30 43 3.35955
30 44 2.16747
30 45 4.47378
30 46 3.43179
30 47 4.45946
30 48 3.46696
30 49 3.4571
30 50 4.64553
30 51 4.09564
30 52 3.72745
30 53 3.2985
30 54 5.32735
30 55 2.70716
30 56 3.82334
30 57 4.09701
31 32 4.97177
31 33 5.63143
31 34 6.88494
31 35 5.94461
31 36 4.08826
31 37 6.7992
31 38 4.70614
31 39 6.40335
31 40 1.92956
31 41 1.69581
31 42 4.09049
31 43 4.4115
31 44 5.79237
31 45 6.92226
31 46 6.18303
31 47 5.03993
31 48 5.42005
31 49 4.80529
31 50 5.38467
31 51 4.06644
31 52 5.76575
31 53 4.8649
31 54 2.51244
31 55 7.05439
31 56 3.62686
31 57 5.22617
32 33 3.90385
32 34 4.17354
32 35 1.81235
32 36 3.20685
32 37 4.43055
32 38 3.70624
32 39 3.58311
32 40 4.48795
32 41 4.72331
32 42 3.82977
32 43 2.34173
32 44 4.27264
32 45 3.77982
32 46 2.7781
32 47 3.90217
32 48 2.76245
32 49 3.04599
32 50 4.29407
32 51 3.34947
32 52 3.5619
32 53 4.51194
32 54 5.11951
32 55 4.56287
32 56 3.28875
32 57 3.82578
33 34 2.75805
33 35 4.09968
33 36 2.65995
33 37 2.88879
33 38 2.32653
33 39 2.65681
33 40 4.76621
33 41 5.14391
33 42 2.99044
33 43 2.86705
33 44 3.00626
33 45 4.60904
33 46 3.73939
33 47 3.44447
33 48 3.30084
33 49 3.43683
33 50 2.82246
33 51 3.88029
33 52 3.52446
33 53 2.44695
33 54 5.7668
33 55 2.93668
33 56 3.89946
33 57 3.35444
34 35 3.93762
34 36 3.92975
34 37 1.83682
34 38 3.20878
34 39 2.41548
34 40 6.12733
34 41 6.52632
34 42 4.29157
34 43 4.16387
34 44 3.13049
34 45 4.05905
34 46 3.31973
34 47 4.33489
34 48 3.29898
34 49 4.55585
34 50 3.79322
34 51 4.85148
34 52 3.0379
34 53 3.9753
34 54 7.08413
34 55 2.74962
34 56 4.64457
34 57 3.43903
35 36 4.06667
35 37 4.15604
35 38 4.06861
35 39 3.50055
35 40 5.37299
35 41 5.5549
35 42 4.52195
35 43 3.01281
35 44 4.4037
35 45 3.35834
35 46 2.49179
35 47 4.32793
35 48 2.43284
35 49 3.57329
35 50 4.62517
35 51 3.94718
35 52 3.30498
35 53 5.00721
35 54 6.13172
35 55 4.44453
35 56 3.81561
35 57 3.70732
36 37 3.73582
36 38 2.16463
36 39 3.34845
36 40 3.19807
36 41 3.75254
36 42 1.92606
36 43 2.69856
36 44 2.90293
36 45 5.05346
36 46 3.63121
36 47 3.19359
36 48 3.45388
36 49 3.40203
36 50 3.37112
36 51 3.33075
36 52 3.71387
36 53 2.32043
36 54 4.21297
36 55 3.78852
36 56 3.08675
36 57 3.67396
37 38 3.11961
37 39 2.01629
37 40 5.84197
37 41 6.37468
37 42 3.91589
37 43 4.40202
37 44 2.67177
37 45 4.86432
37 46 3.13114
37 47 3.83391
37 48 3.64281
37 49 5.13345
37 50 3.65111
37 51 5.13215
37 52 2.51491
37 53 3.61634
37 54 7.12867
37 55 2.75692
37 56 4.55471
37 57 3.2225
38 39 3.15839
38 40 3.95006
38 41 4.41123
38 42 2.51593
38 43 2.98877
38 44 2.05757
38 45 4.74736
38 46 3.42169
38 47 3.52889
38 48 3.21314
38 49 3.71895
38 50 3.36033
38 51 3.72475
38 52 3.2871
38 53 2.59284
38 54 4.79245
38 55 3.5219
38 56 3.02741
38 57 3.3281
39 40 5.48183
39 41 6.02401
39 42 3.59258
39 43 3.72037
39 44 2.97281
39 45 4.07132
39 46 2.79179
39 47 3.56034
39 48 3.17848
39 49 4.37931
39 50 3.71917
39 51 4.41776
39 52 2.37362
39 53 3.57656
39 54 6.61738
39 55 2.21907
39 56 3.99628
39 57 3.37112
40 41 1.4909
40 42 2.92051
40 43 3.91882
40 44 4.99103
40 45 6.5974
40 46 5.37292
40 47 3.8643
40 48 4.91865
40 49 4.54404
40 50 4.56201
40 51 3.44974
40 52 4.98206
40 53 3.89623
40 54 3.0963
40 55 6.14211
40 56 3.22362
40 57 4.33886
41 42 3.70391
41 43 4.05125
41 44 5.52307
41 45 6.73468
41 46 5.86882
41 47 4.58471
41 48 4.99317
41 49 4.46398
41 50 4.89475
41 51 3.6466
41 52 5.52216
41 53 4.41084
41 54 2.77235
41 55 6.66409
41 56 3.74028
41 57 4.85422
42 43 3.29451
42 44 3.37651
42 45 5.70621
42 46 4.01629
42 47 2.62036
42 48 3.97787
42 49 4.15247
42 50 3.04696
42 51 3.20822
42 52 3.80706
42 53 2.40098
42 54 4.51504
42 55 4.198
42 56 3.20309
42 57 3.39581
43 44 3.95649
43 45 4.55827
43 46 3.24022
43 47 3.65422
43 48 3.21499
43 49 2.6955
43 50 3.59355
43 51 3.12799
43 52 4.00473
43 53 3.44306
43 54 4.42267
43 55 4.34323
43 56 3.34568
43 57 3.74087
44 45 5.10081
44 46 3.06188
44 47 3.85037
44 48 3.62278
44 49 4.56458
44 50 4.34539
44 51 4.64128
44 52 3.06066
44 53 2.95509
44 54 5.72446
44 55 2.86477
44 56 3.76964
44 57 3.69441
45 46 4.44107
45 47 6.05461
45 48 2.70639
45 49 3.60527
45 50 5.87205
45 51 4.54302
45 52 4.45565
45 53 6.04147
45 54 6.80216
45 55 4.59865
45 56 4.62973
45 57 4.78901
46 47 3.70797
46 48 3.16195
46 49 4.51363
46 50 4.45472
46 51 4.54565
46 52 2.70463
46 53 4.09734
46 54 6.36757
46 55 3.50867
46 56 3.96089
46 57 3.50103
47 48 4.20191
47 49 4.71487
47 50 3.10546
47 51 3.79635
47 52 3.29399
47 53 3.1072
47 54 5.53549
47 55 4.41428
47 56 3.51882
47 57 2.57056
48 49 3.02793
48 50 4.24805
48 51 3.48468
48 52 3.06178
48 53 4.30965
48 54 5.52273
48 55 3.99758
48 56 3.37908
48 57 3.22288
49 50 4.77708
49 51 2.4182
49 52 4.75103
49 53 4.49818
49 54 4.28375
49 55 4.56172
49 56 3.49133
49 57 4.27244
50 51 4.60232
50 52 4.02808
50 53 2.94351
50 54 6.16757
50 55 4.63738
50 56 4.58712
50 57 3.5055
51 52 4.51
51 53 4.33548
51 54 3.67381
51 55 4.77761
51 56 2.76568
51 57 3.4897
52 53 3.89437
52 54 6.3148
52 55 3.58394
52 56 3.30908
52 57 2.74285
53 54 5.31826
53 55 3.58155
53 56 3.98271
53 57 3.73738
54 55 6.91757
54 56 3.91107
54 57 5.74979
55 56 4.64215
55 57 4.14686
56 57 3.06353
